<?xml version="1.0" standalone="no"?>
<!DOCTYPE svg PUBLIC "-//W3C//DTD SVG 20010904//EN"
 "http://www.w3.org/TR/2001/REC-SVG-20010904/DTD/svg10.dtd">
<svg version="1.0" xmlns="http://www.w3.org/2000/svg"
 width="1000.000000pt" height="750.000000pt" viewBox="0 0 1000.000000 750.000000"
 preserveAspectRatio="xMidYMid meet">

<g transform="translate(0.000000,750.000000) scale(0.100000,-0.100000)"
fill="#000000" stroke="none">
<path d="M0 3750 l0 -3750 5000 0 5000 0 0 3750 0 3750 -5000 0 -5000 0 0
-3750z m2210 445 c14 -17 5 -51 -16 -59 -20 -8 -54 11 -54 29 0 43 43 62 70
30z m1048 3 c18 -18 14 -46 -7 -58 -25 -13 -48 -4 -56 21 -12 38 35 65 63 37z
m1482 -208 l0 -220 -25 0 c-21 0 -25 5 -25 30 0 17 -4 30 -10 30 -5 0 -10 -6
-10 -14 0 -23 -41 -46 -82 -46 -27 0 -47 8 -70 29 -30 27 -33 34 -36 105 -6
121 29 176 114 176 33 0 47 -5 62 -25 11 -14 23 -25 26 -25 3 0 6 41 6 90 0
89 0 90 25 90 l25 0 0 -220z m-3259 79 c11 -6 24 -20 29 -32 8 -20 9 -20 15
11 6 25 13 32 31 32 l24 0 0 -162 c-1 -241 -20 -272 -175 -280 -65 -3 -70 -1
-73 18 -3 18 4 22 35 27 21 4 53 7 71 7 51 0 82 37 82 97 -1 40 -2 45 -12 28
-17 -32 -39 -45 -75 -45 -80 0 -118 50 -118 155 0 72 19 121 54 140 31 17 85
19 112 4z m293 -5 c3 -9 6 -27 6 -40 0 -13 5 -24 10 -24 6 0 10 9 10 20 0 33
35 60 80 60 44 0 80 -27 80 -59 0 -11 3 -26 6 -35 5 -13 -1 -16 -25 -16 -23 0
-31 4 -31 18 0 49 -70 61 -102 19 -18 -23 -32 -103 -26 -152 3 -27 7 -30 41
-33 32 -3 37 -7 37 -28 0 -24 -1 -24 -100 -24 -99 0 -100 0 -100 24 0 21 6 25
33 28 l32 3 3 103 3 102 -31 0 c-25 0 -30 4 -30 25 0 23 3 25 49 25 35 0 51
-4 55 -16z m436 -114 l0 -130 45 0 c41 0 45 -2 45 -25 l0 -25 -135 0 -135 0 0
25 c0 24 3 25 60 25 l60 0 0 105 0 105 -50 0 c-47 0 -50 2 -50 25 0 25 1 25
80 25 l80 0 0 -130z m210 110 c0 -11 4 -20 9 -20 5 0 11 9 14 20 7 28 61 27
81 -1 l14 -21 11 21 c14 25 62 28 85 5 13 -12 16 -41 16 -155 l0 -139 -30 0
-30 0 0 135 c0 128 -1 135 -20 135 -32 0 -40 -32 -40 -154 0 -109 -1 -116 -20
-116 -18 0 -20 8 -22 133 l-3 132 -25 0 -25 0 -3 -132 -3 -133 -29 0 -30 0 0
155 0 155 25 0 c18 0 25 -5 25 -20z m509 5 c38 -19 61 -71 61 -140 0 -109 -49
-161 -142 -153 -84 9 -124 70 -116 175 7 85 54 133 131 133 21 0 51 -7 66 -15z
m331 -115 l0 -130 50 0 c47 0 50 -2 50 -25 l0 -25 -135 0 -135 0 0 25 c0 24 3
25 55 25 l55 0 0 105 0 105 -50 0 c-47 0 -50 2 -50 25 0 25 1 25 80 25 l80 0
0 -130z m275 90 c7 -39 25 -47 25 -10 0 27 38 50 81 50 44 0 79 -36 79 -81 0
-24 -4 -29 -24 -29 -17 0 -26 7 -30 25 -15 57 -86 52 -111 -10 -8 -19 -15 -64
-15 -100 l0 -65 40 0 c36 0 40 -2 40 -25 l0 -25 -100 0 -100 0 0 25 c0 21 5
25 30 25 l30 0 0 105 0 105 -25 0 c-20 0 -25 5 -25 25 0 23 3 25 49 25 l49 0
7 -40z m465 13 c30 -27 49 -78 50 -130 0 -22 -3 -23 -105 -23 -117 0 -129 -9
-79 -55 23 -22 37 -25 95 -25 67 0 69 -1 69 -25 0 -24 -2 -25 -72 -25 -111 0
-161 39 -174 133 -9 63 17 132 60 158 48 29 118 26 156 -8z m900 -93 c0 -108
2 -120 19 -130 27 -14 64 -13 87 4 16 13 19 29 22 130 l4 116 29 0 29 0 0
-130 c0 -123 1 -130 20 -130 15 0 20 -7 20 -25 0 -23 -3 -25 -50 -25 -49 0
-50 0 -50 31 l0 31 -29 -31 c-37 -40 -87 -42 -128 -7 -28 24 -28 26 -32 155
l-3 131 31 0 31 0 0 -120z m746 78 l7 -43 13 32 c16 38 40 53 88 53 41 0 76
-37 76 -81 0 -24 -4 -29 -24 -29 -17 0 -26 7 -30 25 -9 34 -41 50 -73 36 -34
-15 -53 -69 -53 -146 l0 -65 40 0 c36 0 40 -2 40 -25 l0 -25 -105 0 -105 0 0
25 c0 22 4 25 35 25 l35 0 0 105 0 105 -25 0 c-20 0 -25 5 -25 25 0 23 3 25
49 25 l49 0 8 -42z m458 21 c34 -27 42 -44 51 -106 l7 -53 -106 0 c-117 0
-129 -8 -81 -55 21 -22 33 -25 95 -25 68 0 70 -1 70 -25 0 -24 -2 -25 -74 -25
-59 0 -79 4 -107 23 -87 58 -93 209 -10 264 45 30 118 31 155 2z m206 -11 c1
-30 2 -31 12 -13 18 33 40 45 83 45 32 0 47 -6 66 -26 22 -24 24 -34 27 -155
l4 -129 -32 0 -32 0 6 103 c8 114 -2 150 -43 155 -72 11 -91 -22 -91 -158 l0
-100 -30 0 -30 0 0 155 0 155 30 0 c27 0 30 -3 30 -32z m495 10 c35 -27 55
-75 55 -133 0 -97 -49 -155 -131 -155 -42 0 -55 5 -86 34 -35 32 -37 38 -41
104 -7 115 35 171 129 172 33 0 54 -6 74 -22z m205 -96 c0 -130 5 -142 55
-142 62 0 70 15 73 144 l4 116 29 0 29 0 0 -130 c0 -123 1 -130 20 -130 15 0
20 -7 20 -25 0 -23 -3 -25 -50 -25 -49 0 -50 0 -50 31 l0 31 -29 -31 c-37 -40
-87 -42 -128 -7 -28 24 -28 26 -31 155 l-4 131 31 0 31 0 0 -118z m375 -8 c21
-69 42 -127 45 -129 3 -2 25 55 49 126 42 127 43 129 72 129 35 0 38 15 -31
-175 l-47 -130 -40 -3 -40 -3 -33 93 c-18 51 -43 121 -56 156 l-23 62 32 0 32
0 40 -126z m492 93 c21 -21 28 -38 31 -87 l4 -60 -105 0 c-99 0 -105 -1 -100
-19 10 -39 42 -56 117 -61 64 -5 71 -7 74 -27 3 -22 0 -23 -68 -23 -97 0 -142
23 -165 85 -32 83 -7 179 56 213 40 21 125 10 156 -21z m293 17 c22 -9 46 -26
53 -38 7 -11 14 -61 17 -111 5 -89 5 -90 33 -93 21 -3 27 -9 27 -28 0 -22 -4
-24 -50 -24 l-50 0 0 38 -1 37 -15 -27 c-18 -35 -43 -48 -89 -48 -83 0 -126
60 -91 128 19 36 59 52 132 52 47 0 54 3 54 19 0 34 -47 61 -106 61 -51 0 -54
1 -54 25 0 23 3 25 50 25 27 0 68 -7 90 -16z m240 -92 c0 -126 11 -152 64
-152 58 0 70 26 74 151 4 107 5 109 28 109 23 0 23 -1 26 -127 3 -124 4 -128
26 -131 16 -3 22 -10 22 -28 0 -22 -4 -24 -50 -24 -49 0 -50 1 -50 30 0 17 -4
30 -10 30 -5 0 -10 -4 -10 -10 0 -24 -41 -50 -77 -50 -77 1 -93 34 -93 189 l0
121 25 0 25 0 0 -108z"/>
<path d="M4563 4016 c-25 -22 -28 -30 -28 -91 0 -61 3 -69 28 -91 15 -13 37
-24 47 -24 10 0 32 11 47 24 25 22 28 30 28 91 0 61 -3 69 -28 91 -15 13 -37
24 -47 24 -10 0 -32 -11 -47 -24z"/>
<path d="M1411 4026 c-32 -18 -39 -38 -40 -107 -1 -73 20 -103 74 -103 55 0
75 29 75 111 0 55 -4 67 -25 88 -27 28 -49 31 -84 11z"/>
<path d="M2824 4022 c-21 -14 -34 -51 -34 -100 0 -65 27 -102 75 -102 47 0 68
33 68 105 0 71 -22 105 -66 105 -17 0 -37 -4 -43 -8z"/>
<path d="M3882 4025 c-30 -13 -42 -32 -42 -66 0 -18 6 -20 78 -17 76 3 77 3
74 28 -8 53 -56 77 -110 55z"/>
<path d="M5993 4025 c-31 -13 -43 -32 -43 -66 0 -17 8 -19 75 -19 l75 0 0 28
c0 51 -54 79 -107 57z"/>
<path d="M6686 4017 c-46 -33 -35 -173 15 -191 37 -13 74 -1 87 29 24 52 11
145 -22 167 -17 12 -61 9 -80 -5z"/>
<path d="M7762 4032 c-23 -3 -62 -54 -62 -79 0 -9 23 -13 80 -13 74 0 80 2 80
21 0 47 -44 80 -98 71z"/>
<path d="M8074 3900 c-28 -11 -36 -43 -17 -70 13 -19 22 -21 57 -17 46 6 76
35 76 73 0 22 -4 24 -47 23 -27 0 -58 -4 -69 -9z"/>
</g>
</svg>
